0.431 0.428 0.184 1
0.312 -0.470 -0.147 -1
-0.466 -0.828 0.386 1
-0.827 0.712 -0.589 -1
0.213 0.412 0.088 1
0.527 -0.447 -0.235 -1
-0.474 -0.515 0.244 1
-0.740 0.513 -0.379 -1
0.599 0.512 0.307 1
0.630 -0.489 -0.308 -1
-0.600 -0.500 0.300 1
-0.718 0.189 -0.135 -1
0.632 0.452 0.286 1
0.659 -0.144 -0.095 -1
-0.469 -0.343 0.161 1
-0.747 0.390 -0.291 -1
0.253 0.369 0.093 1
0.582 -0.830 -0.483 -1
-0.697 -0.274 0.191 1
-0.656 0.656 -0.430 -1
0.574 0.178 0.102 1
0.669 -0.482 -0.323 -1
-0.257 -0.593 0.153 1
-0.504 0.620 -0.313 -1
0.585 0.870 0.510 1
0.187 -0.367 -0.069 -1
-0.509 -0.750 0.381 1
-0.600 0.454 -0.272 -1
0.513 0.870 0.446 1
0.730 -0.430 -0.314 -1
-0.243 -0.417 0.101 1
-0.565 0.741 -0.419 -1
0.574 0.381 0.219 1
0.433 -0.440 -0.190 -1
-0.574 -0.619 0.355 1
-0.549 0.286 -0.157 -1
0.398 0.595 0.237 1
0.588 -0.621 -0.365 -1
-0.655 -0.431 0.282 1
-0.345 0.757 -0.262 -1
0.451 0.358 0.162 1
0.720 -0.492 -0.354 -1
-0.273 -0.780 0.213 1
-0.471 0.540 -0.254 -1
0.603 0.341 0.206 1
0.539 -0.508 -0.274 -1
-0.478 -0.521 0.249 1
-0.430 0.496 -0.213 -1
0.659 0.585 0.385 1
0.350 -0.300 -0.105 -1
-0.644 -0.608 0.392 1
-0.211 0.475 -0.100 -1
0.329 0.149 0.049 1
0.205 -0.261 -0.053 -1
-0.730 -0.598 0.436 1
-0.795 0.375 -0.298 -1
0.621 0.605 0.376 1
0.517 -0.689 -0.356 -1
-0.624 -0.880 0.549 1
-0.613 0.565 -0.346 -1
0.148 0.358 0.053 1
0.500 -0.590 -0.295 -1
-0.523 -0.413 0.216 1
-0.548 0.401 -0.220 -1
0.504 0.470 0.237 1
0.448 -0.471 -0.211 -1
-0.630 -0.493 0.311 1
-0.289 0.439 -0.127 -1
0.170 0.483 0.082 1
0.469 -0.718 -0.337 -1
-0.788 -0.640 0.504 1
-0.636 0.382 -0.243 -1
0.409 0.796 0.326 1
0.410 -0.890 -0.365 -1
-0.547 -0.552 0.302 1
-0.690 0.490 -0.338 -1
0.863 0.331 0.285 1
0.699 -0.366 -0.256 -1
-0.494 -0.492 0.243 1
-0.431 0.487 -0.210 -1
0.713 0.666 0.475 1
0.521 -0.608 -0.317 -1
-0.646 -0.464 0.299 1
-0.506 0.450 -0.228 -1
0.354 0.466 0.165 1
0.185 -0.653 -0.121 -1
-0.520 -0.689 0.358 1
-0.808 0.462 -0.373 -1
0.888 0.403 0.358 1
0.737 -0.352 -0.259 -1
-0.576 -0.337 0.194 1
-0.594 0.323 -0.192 -1
0.251 0.424 0.107 1
0.440 -0.505 -0.222 -1
-0.661 -0.365 0.241 1
-0.411 0.486 -0.200 -1
0.141 0.531 0.075 1
0.353 -0.471 -0.166 -1
-0.615 -0.533 0.328 1
-0.725 0.259 -0.188 -1
0.418 0.637 0.266 1
0.662 -0.167 -0.111 -1
-0.366 -0.587 0.215 1
-0.807 0.277 -0.223 -1
0.779 0.476 0.370 1
0.594 -0.443 -0.263 -1
-0.381 -0.517 0.197 1
-0.500 0.680 -0.340 -1
0.572 0.750 0.429 1
0.278 -0.314 -0.087 -1
-0.436 -0.658 0.287 1
-0.212 0.222 -0.047 -1
0.390 0.451 0.176 1
0.620 -0.685 -0.424 -1
-0.493 -0.508 0.250 1
-0.707 0.360 -0.255 -1
0.712 0.712 0.507 1
0.623 -0.397 -0.247 -1
-0.516 -0.401 0.207 1
-0.657 0.469 -0.308 -1
0.399 0.250 0.100 1
0.468 -0.728 -0.341 -1
-0.790 -0.510 0.403 1
-0.596 0.428 -0.255 -1
0.193 0.260 0.050 1
0.718 -0.189 -0.135 -1
-0.600 -0.503 0.302 1
-0.483 0.619 -0.299 -1
0.441 0.362 0.160 1
0.385 -0.389 -0.150 -1
-0.315 -0.599 0.188 1
-0.406 0.279 -0.113 -1
0.365 0.339 0.124 1
0.275 -0.370 -0.102 -1
-0.530 -0.448 0.237 1
-0.670 0.500 -0.335 -1
0.707 0.819 0.579 1
0.265 -0.586 -0.155 -1
-0.808 -0.538 0.434 1
-0.370 0.505 -0.187 -1
0.141 0.376 0.053 1
0.623 -0.318 -0.198 -1
-0.411 -0.744 0.306 1
-0.438 0.310 -0.136 -1
0.453 0.588 0.267 1
0.502 -0.460 -0.231 -1
-0.579 -0.490 0.284 1
-0.473 0.514 -0.243 -1
0.356 0.590 0.210 1
0.250 -0.504 -0.126 -1
-0.548 -0.449 0.246 1
-0.548 0.485 -0.266 -1
0.452 0.464 0.210 1
0.417 -0.329 -0.137 -1
-0.399 -0.597 0.238 1
-0.431 0.655 -0.282 -1
0.651 0.724 0.471 1
0.185 -0.556 -0.103 -1
-0.432 -0.366 0.158 1
-0.351 0.399 -0.140 -1
0.756 0.307 0.232 1
0.512 -0.527 -0.270 -1
-0.764 -0.773 0.591 1
-0.645 0.249 -0.161 -1
0.232 0.291 0.067 1
0.277 -0.613 -0.170 -1
-0.491 -0.497 0.244 1
-0.491 0.504 -0.247 -1
0.347 0.735 0.255 1
0.490 -0.610 -0.299 -1
-0.758 -0.421 0.319 1
-0.123 0.601 -0.074 -1
0.527 0.564 0.298 1
0.674 -0.453 -0.306 -1
-0.220 -0.711 0.157 1
-0.496 0.509 -0.253 -1
0.311 0.523 0.163 1
0.398 -0.739 -0.295 -1
-0.366 -0.413 0.151 1
-0.712 0.590 -0.420 -1
0.519 0.535 0.278 1
0.579 -0.490 -0.284 -1
-0.627 -0.772 0.484 1
-0.281 0.598 -0.168 -1
0.661 0.322 0.212 1
0.450 -0.245 -0.110 -1
-0.655 -0.626 0.410 1
-0.429 0.584 -0.251 -1
0.425 0.394 0.167 1
0.518 -0.536 -0.278 -1
-0.504 -0.491 0.247 1
-0.783 0.650 -0.509 -1
0.536 0.483 0.259 1
0.507 -0.493 -0.250 -1
-0.359 -0.373 0.134 1
-0.865 0.558 -0.483 -1
0.650 0.490 0.318 1
0.876 -0.637 -0.558 -1
-0.536 -0.354 0.190 1
-0.657 0.332 -0.218 -1
0.473 0.383 0.181 1
0.752 -0.189 -0.142 -1
-0.394 -0.530 0.209 1
-0.465 0.519 -0.242 -1
0.387 0.539 0.208 1
0.159 -0.689 -0.109 -1
-0.327 -0.600 0.196 1
-0.477 0.719 -0.343 -1
0.451 0.492 0.222 1
0.329 -0.851 -0.280 -1
-0.558 -0.605 0.338 1
-0.499 0.510 -0.255 -1
0.528 0.819 0.432 1
0.710 -0.616 -0.438 -1
-0.517 -0.511 0.264 1
-0.509 0.505 -0.257 -1
0.224 0.285 0.064 1
0.617 -0.424 -0.262 -1
-0.250 -0.428 0.107 1
-0.631 0.299 -0.188 -1
0.322 0.836 0.269 1
0.548 -0.806 -0.442 -1
-0.407 -0.848 0.345 1
-0.187 0.433 -0.081 -1
0.538 0.233 0.125 1
0.512 -0.160 -0.082 -1
-0.461 -0.546 0.252 1
-0.460 0.727 -0.334 -1
0.420 0.180 0.076 1
0.496 -0.720 -0.357 -1
-0.497 -0.490 0.244 1
-0.467 0.573 -0.268 -1
0.423 0.769 0.325 1
0.370 -0.275 -0.102 -1
-0.127 -0.573 0.073 1
-0.511 0.472 -0.241 -1
0.354 0.464 0.164 1
0.550 -0.369 -0.203 -1
-0.645 -0.785 0.507 1
-0.650 0.495 -0.322 -1
0.597 0.522 0.312 1
0.292 -0.284 -0.083 -1
-0.398 -0.144 0.057 1
-0.658 0.638 -0.420 -1
0.806 0.376 0.303 1
0.848 -0.627 -0.531 -1
-0.778 -0.471 0.366 1
-0.304 0.538 -0.163 -1
0.717 0.538 0.386 1
0.415 -0.353 -0.146 -1
-0.423 -0.810 0.343 1
-0.205 0.625 -0.128 -1
0.559 0.508 0.284 1
0.509 -0.497 -0.253 -1
-0.634 -0.541 0.343 1
-0.364 0.779 -0.284 -1
0.537 0.516 0.277 1
0.527 -0.363 -0.191 -1
-0.539 -0.777 0.419 1
-0.381 0.517 -0.197 -1
0.481 0.131 0.063 1
0.152 -0.407 -0.062 -1
-0.498 -0.480 0.239 1
-0.680 0.626 -0.426 -1
0.451 0.490 0.221 1
0.405 -0.359 -0.145 -1
-0.374 -0.401 0.150 1
-0.561 0.659 -0.369 -1
0.378 0.568 0.214 1
0.496 -0.509 -0.253 -1
-0.591 -0.458 0.270 1
-0.335 0.727 -0.244 -1
0.566 0.439 0.248 1
0.602 -0.728 -0.438 -1
-0.765 -0.359 0.275 1
-0.570 0.499 -0.284 -1
0.583 0.243 0.142 1
0.507 -0.493 -0.250 -1
-0.820 -0.483 0.396 1
-0.334 0.592 -0.198 -1
0.333 0.686 0.228 1
0.201 -0.249 -0.050 -1
-0.420 -0.253 0.106 1
-0.402 0.483 -0.194 -1
0.418 0.374 0.157 1
0.869 -0.373 -0.324 -1
-0.578 -0.790 0.456 1
-0.493 0.580 -0.286 -1
0.469 0.151 0.071 1
0.217 -0.262 -0.057 -1
-0.529 -0.473 0.250 1
-0.266 0.386 -0.103 -1
0.597 0.413 0.246 1
0.173 -0.674 -0.117 -1
-0.623 -0.838 0.522 1
-0.779 0.636 -0.495 -1
0.703 0.760 0.534 1
0.230 -0.572 -0.131 -1
-0.452 -0.694 0.313 1
-0.853 0.569 -0.485 -1
0.310 0.562 0.174 1
0.549 -0.512 -0.281 -1
-0.477 -0.281 0.134 1
-0.566 0.575 -0.325 -1
0.705 0.228 0.161 1
0.488 -0.401 -0.195 -1
-0.680 -0.500 0.340 1
-0.131 0.627 -0.082 -1
0.665 0.405 0.269 1
0.509 -0.482 -0.245 -1
-0.580 -0.650 0.377 1
-0.761 0.373 -0.284 -1
0.705 0.691 0.487 1
0.450 -0.144 -0.065 -1
-0.540 -0.530 0.286 1
-0.336 0.689 -0.231 -1
0.234 0.587 0.137 1
0.374 -0.599 -0.224 -1
-0.331 -0.518 0.171 1
-0.751 0.433 -0.325 -1
0.251 0.701 0.176 1
0.536 -0.313 -0.168 -1
-0.694 -0.850 0.590 1
-0.701 0.631 -0.442 -1
0.494 0.560 0.276 1
0.235 -0.591 -0.139 -1
-0.442 -0.483 0.214 1
-0.484 0.649 -0.314 -1
0.572 0.417 0.239 1
0.822 -0.574 -0.472 -1
-0.469 -0.718 0.337 1
-0.540 0.675 -0.365 -1
0.297 0.554 0.165 1
0.567 -0.751 -0.426 -1
-0.586 -0.287 0.168 1
-0.527 0.879 -0.463 -1
0.502 0.410 0.206 1
0.233 -0.364 -0.085 -1
-0.732 -0.675 0.493 1
-0.593 0.654 -0.388 -1
0.797 0.355 0.283 1
0.658 -0.347 -0.229 -1
-0.870 -0.487 0.424 1
-0.530 0.606 -0.321 -1
0.171 0.354 0.061 1
0.826 -0.448 -0.370 -1
-0.684 -0.711 0.486 1
-0.453 0.516 -0.234 -1
0.197 0.255 0.050 1
0.616 -0.376 -0.231 -1
-0.260 -0.500 0.130 1
-0.831 0.614 -0.510 -1
0.432 0.516 0.223 1
0.514 -0.485 -0.249 -1
-0.729 -0.737 0.538 1
-0.637 0.876 -0.558 -1
0.391 0.517 0.202 1
0.240 -0.650 -0.156 -1
-0.273 -0.422 0.115 1
-0.788 0.360 -0.283 -1
0.585 0.353 0.206 1
0.610 -0.453 -0.277 -1
-0.532 -0.605 0.322 1
-0.615 0.465 -0.286 -1
0.800 0.340 0.272 1
0.456 -0.325 -0.149 -1
-0.526 -0.470 0.247 1
-0.544 0.410 -0.223 -1
0.659 0.812 0.535 1
0.295 -0.643 -0.190 -1
-0.498 -0.620 0.309 1
-0.501 0.470 -0.236 -1
0.455 0.400 0.182 1
0.631 -0.450 -0.284 -1
-0.446 -0.559 0.250 1
-0.740 0.569 -0.421 -1
0.473 0.809 0.383 1
0.393 -0.692 -0.272 -1
-0.509 -0.471 0.240 1
-0.398 0.580 -0.231 -1
0.107 0.424 0.045 1
0.320 -0.506 -0.162 -1
-0.457 -0.399 0.182 1
-0.801 0.425 -0.340 -1
0.281 0.523 0.147 1
0.497 -0.490 -0.244 -1
-0.284 -0.749 0.212 1
-0.186 0.696 -0.130 -1
0.259 0.725 0.188 1
0.531 -0.647 -0.344 -1
-0.260 -0.193 0.050 1
-0.641 0.669 -0.429 -1
0.716 0.542 0.388 1
0.572 -0.292 -0.167 -1
-0.483 -0.489 0.236 1
-0.281 0.281 -0.079 -1
0.448 0.471 0.211 1
0.519 -0.321 -0.167 -1
-0.550 -0.337 0.185 1
-0.290 0.436 -0.126 -1
0.677 0.153 0.103 1
0.577 -0.564 -0.325 -1
-0.592 -0.382 0.226 1
-0.497 0.540 -0.268 -1
0.510 0.390 0.199 1
0.641 -0.425 -0.272 -1
-0.608 -0.604 0.367 1
-0.379 0.871 -0.330 -1
0.376 0.538 0.202 1
0.734 -0.760 -0.558 -1
-0.354 -0.651 0.231 1
-0.517 0.588 -0.304 -1
0.461 0.570 0.263 1
0.636 -0.255 -0.162 -1
-0.162 -0.591 0.096 1
-0.394 0.556 -0.219 -1
0.141 0.525 0.074 1
0.274 -0.274 -0.075 -1
-0.373 -0.441 0.164 1
-0.615 0.201 -0.124 -1
0.519 0.454 0.235 1
0.754 -0.678 -0.511 -1
-0.499 -0.490 0.245 1
-0.403 0.708 -0.285 -1
0.725 0.452 0.328 1
0.382 -0.235 -0.090 -1
-0.563 -0.647 0.364 1
-0.510 0.498 -0.254 -1
0.352 0.263 0.092 1
0.478 -0.577 -0.276 -1
-0.595 -0.398 0.237 1
-0.443 0.287 -0.127 -1
0.494 0.508 0.251 1
0.313 -0.467 -0.146 -1
-0.467 -0.738 0.344 1
-0.352 0.526 -0.185 -1
0.314 0.635 0.199 1
0.405 -0.445 -0.180 -1
-0.457 -0.315 0.144 1
-0.481 0.659 -0.317 -1
0.331 0.182 0.060 1
0.446 -0.360 -0.161 -1
-0.493 -0.481 0.237 1
-0.565 0.238 -0.135 -1
0.428 0.687 0.294 1
0.165 -0.398 -0.066 -1
-0.890 -0.590 0.525 1
-0.292 0.526 -0.153 -1
0.543 0.542 0.294 1
0.549 -0.490 -0.269 -1
-0.179 -0.337 0.060 1
-0.672 0.279 -0.188 -1
0.292 0.687 0.201 1
0.421 -0.544 -0.229 -1
-0.534 -0.521 0.278 1
-0.606 0.528 -0.320 -1
0.695 0.162 0.113 1
0.482 -0.491 -0.237 -1
-0.491 -0.504 0.248 1
-0.510 0.497 -0.253 -1
0.231 0.423 0.098 1
0.478 -0.181 -0.086 -1
-0.232 -0.674 0.156 1
-0.394 0.670 -0.264 -1
0.657 0.694 0.456 1
0.781 -0.430 -0.336 -1
-0.624 -0.416 0.260 1
-0.779 0.580 -0.452 -1
0.502 0.390 0.196 1
0.631 -0.747 -0.472 -1
-0.740 -0.508 0.376 1
-0.419 0.461 -0.193 -1
0.199 0.634 0.126 1
0.460 -0.506 -0.233 -1
-0.673 -0.400 0.269 1
-0.373 0.152 -0.057 -1
0.573 0.466 0.267 1
0.322 -0.409 -0.132 -1
-0.451 -0.490 0.221 1
-0.542 0.767 -0.416 -1
0.482 0.850 0.409 1
0.726 -0.697 -0.506 -1
-0.815 -0.653 0.532 1
-0.507 0.550 -0.279 -1
0.438 0.793 0.347 1
0.260 -0.644 -0.167 -1
-0.246 -0.659 0.162 1
-0.626 0.561 -0.351 -1
0.391 0.617 0.241 1
0.831 -0.386 -0.321 -1
-0.467 -0.182 0.085 1
-0.530 0.788 -0.418 -1
0.543 0.193 0.105 1
0.531 -0.323 -0.171 -1
-0.524 -0.434 0.228 1
-0.710 0.742 -0.526 -1
0.260 0.504 0.131 1
0.315 -0.620 -0.196 -1
-0.489 -0.810 0.396 1
-0.580 0.385 -0.224 -1
0.606 0.791 0.480 1
0.451 -0.897 -0.405 -1
-0.320 -0.777 0.249 1
-0.575 0.420 -0.241 -1
0.535 0.898 0.481 1
0.698 -0.528 -0.368 -1
-0.830 -0.494 0.410 1
-0.514 0.486 -0.250 -1
0.271 0.480 0.130 1
0.757 -0.234 -0.177 -1
-0.282 -0.266 0.075 1
-0.221 0.743 -0.164 -1
0.643 0.705 0.453 1
0.599 -0.510 -0.306 -1
-0.399 -0.376 0.150 1
-0.491 0.670 -0.329 -1
0.496 0.509 0.253 1
0.440 -0.433 -0.190 -1
-0.576 -0.452 0.261 1
-0.368 0.312 -0.115 -1
0.617 0.224 0.138 1
0.260 -0.492 -0.128 -1
-0.302 -0.528 0.159 1
-0.181 0.259 -0.047 -1
0.314 0.365 0.115 1
0.350 -0.505 -0.177 -1
-0.473 -0.282 0.133 1
-0.789 0.525 -0.414 -1
0.262 0.423 0.111 1
0.188 -0.320 -0.060 -1
-0.682 -0.751 0.512 1
-0.464 0.518 -0.240 -1
0.406 0.677 0.275 1
0.182 -0.467 -0.085 -1
-0.524 -0.434 0.228 1
-0.673 0.243 -0.164 -1
0.462 0.603 0.279 1
0.610 -0.275 -0.168 -1
-0.495 -0.519 0.257 1
-0.623 0.330 -0.206 -1
0.607 0.308 0.187 1
0.764 -0.270 -0.207 -1
-0.403 -0.552 0.222 1
-0.435 0.300 -0.131 -1
0.489 0.411 0.201 1
0.678 -0.629 -0.427 -1
-0.746 -0.346 0.258 1
-0.470 0.503 -0.236 -1
0.782 0.754 0.590 1
0.469 -0.539 -0.252 -1
-0.852 -0.386 0.329 1
-0.353 0.663 -0.234 -1
0.620 0.150 0.093 1
0.575 -0.450 -0.258 -1
-0.329 -0.346 0.114 1
-0.647 0.585 -0.379 -1
0.408 0.246 0.100 1
0.194 -0.376 -0.073 -1
-0.467 -0.522 0.244 1
-0.450 0.466 -0.210 -1
0.170 0.418 0.071 1
0.815 -0.627 -0.511 -1
-0.499 -0.440 0.220 1
-0.160 0.482 -0.077 -1
0.370 0.552 0.205 1
0.400 -0.327 -0.131 -1
-0.652 -0.386 0.251 1
-0.508 0.494 -0.251 -1
0.579 0.438 0.254 1
0.123 -0.399 -0.049 -1
-0.839 -0.530 0.444 1
-0.481 0.869 -0.418 -1
0.563 0.531 0.299 1
0.683 -0.330 -0.225 -1
-0.172 -0.466 0.080 1
-0.510 0.528 -0.270 -1
0.385 0.664 0.256 1
0.268 -0.618 -0.166 -1
-0.574 -0.531 0.305 1
-0.690 0.281 -0.194 -1
0.445 0.595 0.265 1
0.370 -0.505 -0.187 -1
-0.590 -0.509 0.300 1
-0.261 0.517 -0.135 -1
0.507 0.461 0.234 1
0.263 -0.271 -0.071 -1
-0.438 -0.421 0.185 1
-0.528 0.436 -0.230 -1
0.476 0.403 0.192 1
0.120 -0.513 -0.062 -1
-0.436 -0.473 0.206 1
-0.368 0.393 -0.145 -1
0.567 0.844 0.478 1
0.660 -0.508 -0.335 -1
-0.433 -0.481 0.208 1
-0.553 0.124 -0.068 -1
0.617 0.443 0.273 1
0.795 -0.625 -0.497 -1
-0.740 -0.487 0.361 1
-0.494 0.550 -0.271 -1
0.197 0.346 0.068 1
0.422 -0.517 -0.218 -1
-0.402 -0.784 0.315 1
-0.390 0.725 -0.283 -1
0.529 0.384 0.203 1
0.342 -0.623 -0.213 -1
-0.554 -0.441 0.244 1
-0.490 0.503 -0.247 -1
0.256 0.309 0.079 1
0.428 -0.404 -0.173 -1
-0.523 -0.241 0.126 1
-0.597 0.474 -0.283 -1
0.808 0.356 0.288 1
0.500 -0.690 -0.345 -1
-0.539 -0.493 0.266 1
-0.585 0.469 -0.274 -1
0.439 0.535 0.235 1
0.312 -0.432 -0.135 -1
-0.501 -0.450 0.225 1
-0.502 0.630 -0.316 -1
0.566 0.588 0.333 1
0.481 -0.523 -0.252 -1
-0.161 -0.327 0.053 1
-0.607 0.590 -0.358 -1
0.549 0.390 0.214 1
0.278 -0.216 -0.060 -1
-0.412 -0.483 0.199 1
-0.451 0.316 -0.143 -1
0.461 0.507 0.234 1
0.788 -0.470 -0.370 -1
-0.547 -0.552 0.302 1
-0.450 0.549 -0.247 -1
0.461 0.655 0.302 1
0.862 -0.577 -0.497 -1
-0.607 -0.632 0.384 1
-0.632 0.288 -0.182 -1
0.670 0.497 0.333 1
0.545 -0.389 -0.212 -1
-0.169 -0.707 0.120 1
-0.275 0.317 -0.087 -1
0.551 0.609 0.335 1
0.472 -0.322 -0.152 -1
-0.538 -0.717 0.386 1
-0.738 0.334 -0.246 -1
0.469 0.141 0.066 1
0.475 -0.789 -0.375 -1
-0.465 -0.898 0.418 1
-0.540 0.497 -0.268 -1
0.203 0.645 0.131 1
0.689 -0.477 -0.328 -1
-0.456 -0.346 0.158 1
-0.722 0.216 -0.156 -1
0.510 0.472 0.241 1
0.634 -0.351 -0.223 -1
-0.450 -0.856 0.385 1
-0.310 0.281 -0.087 -1
0.844 0.567 0.478 1
0.487 -0.310 -0.151 -1
-0.535 -0.451 0.242 1
-0.755 0.755 -0.569 -1
0.547 0.565 0.309 1
0.473 -0.121 -0.057 -1
-0.380 -0.410 0.156 1
-0.593 0.152 -0.090 -1
0.250 0.241 0.060 1
0.112 -0.597 -0.067 -1
-0.459 -0.366 0.168 1
-0.378 0.183 -0.069 -1
0.517 0.578 0.299 1
0.400 -0.545 -0.218 -1
-0.351 -0.287 0.101 1
-0.483 0.525 -0.253 -1
0.194 0.670 0.130 1
0.480 -0.504 -0.242 -1
-0.701 -0.251 0.176 1
-0.507 0.493 -0.250 -1
0.315 0.226 0.071 1
0.808 -0.468 -0.378 -1
-0.490 -0.501 0.245 1
-0.220 0.490 -0.108 -1
0.364 0.244 0.089 1
0.461 -0.442 -0.204 -1
-0.349 -0.448 0.156 1
-0.284 0.579 -0.164 -1
0.260 0.487 0.127 1
0.380 -0.380 -0.144 -1
-0.433 -0.574 0.249 1
-0.448 0.529 -0.237 -1
0.530 0.495 0.262 1
0.443 -0.518 -0.229 -1
-0.567 -0.401 0.227 1
-0.642 0.451 -0.290 -1
0.516 0.271 0.140 1
0.522 -0.534 -0.278 -1
-0.690 -0.562 0.388 1
-0.392 0.519 -0.203 -1
0.355 0.432 0.153 1
0.332 -0.657 -0.218 -1
-0.479 -0.331 0.159 1
-0.281 0.310 -0.087 -1
0.302 0.302 0.091 1
0.496 -0.620 -0.307 -1
-0.500 -0.510 0.255 1
-0.357 0.593 -0.212 -1
0.547 0.463 0.253 1
0.478 -0.520 -0.249 -1
-0.842 -0.573 0.482 1
-0.504 0.430 -0.217 -1
0.610 0.500 0.305 1
0.363 -0.529 -0.192 -1
-0.611 -0.842 0.515 1
-0.620 0.494 -0.306 -1
0.439 0.711 0.313 1
0.507 -0.360 -0.183 -1
-0.370 -0.143 0.053 1
-0.740 0.492 -0.364 -1
0.411 0.489 0.201 1
0.659 -0.514 -0.339 -1
-0.535 -0.385 0.206 1
-0.524 0.597 -0.313 -1
0.579 0.373 0.216 1
0.609 -0.714 -0.435 -1
-0.293 -0.674 0.197 1
-0.575 0.529 -0.304 -1
0.461 0.507 0.234 1
0.456 -0.433 -0.198 -1
-0.228 -0.373 0.085 1
-0.458 0.102 -0.047 -1
0.646 0.226 0.146 1
0.417 -0.757 -0.315 -1
-0.484 -0.558 0.270 1
-0.494 0.529 -0.261 -1
0.527 0.282 0.148 1
0.393 -0.446 -0.175 -1
-0.343 -0.467 0.160 1
-0.627 0.421 -0.264 -1
0.701 0.439 0.307 1
0.682 -0.751 -0.512 -1
-0.701 -0.213 0.149 1
-0.453 0.663 -0.301 -1
0.422 0.563 0.238 1
0.350 -0.871 -0.305 -1
-0.464 -0.604 0.280 1
-0.596 0.471 -0.280 -1
0.672 0.279 0.188 1
0.533 -0.768 -0.409 -1
-0.492 -0.494 0.243 1
-0.325 0.456 -0.149 -1
0.418 0.715 0.298 1
0.520 -0.504 -0.262 -1
-0.384 -0.213 0.082 1
-0.795 0.723 -0.575 -1
0.248 0.437 0.108 1
0.232 -0.709 -0.165 -1
-0.509 -0.670 0.341 1
-0.842 0.667 -0.561 -1
0.632 0.324 0.205 1
0.440 -0.498 -0.219 -1
-0.496 -0.491 0.243 1
-0.519 0.496 -0.257 -1
0.743 0.440 0.326 1
0.469 -0.859 -0.402 -1
-0.471 -0.527 0.248 1
-0.394 0.592 -0.233 -1
0.508 0.280 0.142 1
0.162 -0.305 -0.049 -1
-0.472 -0.596 0.282 1
-0.512 0.528 -0.270 -1
0.767 0.306 0.235 1
0.365 -0.166 -0.061 -1
-0.594 -0.268 0.159 1
-0.185 0.556 -0.103 -1
0.390 0.492 0.192 1
0.706 -0.255 -0.180 -1
-0.504 -0.519 0.262 1
-0.542 0.458 -0.248 -1
0.163 0.547 0.089 1
0.748 -0.225 -0.168 -1
-0.760 -0.266 0.202 1
-0.373 0.296 -0.111 -1
0.508 0.270 0.137 1
0.394 -0.209 -0.082 -1
-0.386 -0.437 0.169 1
-0.380 0.551 -0.209 -1
0.331 0.562 0.186 1
0.228 -0.295 -0.067 -1
-0.555 -0.692 0.384 1
-0.215 0.355 -0.076 -1
0.497 0.310 0.154 1
0.442 -0.487 -0.215 -1
-0.470 -0.503 0.237 1
-0.609 0.714 -0.435 -1
0.350 0.760 0.266 1
0.217 -0.626 -0.136 -1
-0.307 -0.326 0.100 1
-0.343 0.587 -0.201 -1
0.435 0.689 0.300 1
0.581 -0.264 -0.153 -1
-0.481 -0.523 0.251 1
-0.722 0.784 -0.566 -1
0.598 0.651 0.389 1
0.283 -0.375 -0.106 -1
-0.625 -0.827 0.517 1
-0.223 0.461 -0.103 -1
0.403 0.675 0.272 1
0.762 -0.435 -0.331 -1
-0.580 -0.440 0.255 1
-0.749 0.332 -0.249 -1
0.568 0.116 0.066 1
0.489 -0.462 -0.226 -1
-0.472 -0.528 0.249 1
-0.277 0.366 -0.101 -1
0.279 0.672 0.188 1
0.182 -0.467 -0.085 -1
-0.691 -0.390 0.269 1
-0.490 0.350 -0.172 -1
0.721 0.745 0.537 1
0.365 -0.210 -0.077 -1
-0.194 -0.406 0.079 1
-0.548 0.368 -0.202 -1
0.532 0.192 0.102 1
0.383 -0.721 -0.276 -1
-0.459 -0.569 0.261 1
-0.507 0.519 -0.263 -1
0.505 0.770 0.389 1
0.494 -0.508 -0.251 -1
-0.588 -0.646 0.379 1
-0.378 0.354 -0.134 -1
0.570 0.496 0.283 1
0.431 -0.177 -0.076 -1
-0.658 -0.347 0.229 1
-0.281 0.523 -0.147 -1
0.406 0.617 0.250 1
0.880 -0.513 -0.452 -1
-0.619 -0.485 0.300 1
-0.582 0.399 -0.232 -1
0.490 0.549 0.269 1
0.553 -0.472 -0.261 -1
-0.739 -0.525 0.388 1
-0.356 0.361 -0.129 -1
0.444 0.329 0.146 1
0.539 -0.455 -0.245 -1
-0.508 -0.559 0.284 1
-0.377 0.458 -0.173 -1
0.732 0.594 0.434 1
0.700 -0.490 -0.343 -1
-0.339 -0.365 0.124 1
-0.502 0.570 -0.286 -1
0.408 0.394 0.161 1
0.437 -0.578 -0.253 -1
-0.409 -0.542 0.222 1
-0.321 0.824 -0.264 -1
0.407 0.643 0.262 1
0.511 -0.609 -0.312 -1
-0.710 -0.258 0.184 1
-0.528 0.658 -0.347 -1
0.492 0.482 0.237 1
0.358 -0.852 -0.305 -1
-0.491 -0.504 0.247 1
-0.644 0.459 -0.295 -1
0.708 0.380 0.269 1
0.560 -0.464 -0.260 -1
-0.376 -0.294 0.111 1
-0.559 0.384 -0.215 -1
0.690 0.487 0.336 1
0.521 -0.521 -0.272 -1
-0.474 -0.292 0.138 1
-0.369 0.219 -0.081 -1
0.425 0.471 0.200 1
0.544 -0.477 -0.259 -1
-0.770 -0.632 0.486 1
-0.760 0.281 -0.214 -1
0.663 0.450 0.298 1
0.288 -0.698 -0.201 -1
-0.231 -0.231 0.053 1
-0.241 0.482 -0.116 -1
0.234 0.413 0.097 1
0.559 -0.446 -0.250 -1
-0.348 -0.826 0.287 1
-0.573 0.664 -0.381 -1
0.364 0.585 0.213 1
0.472 -0.769 -0.363 -1
-0.807 -0.260 0.210 1
-0.728 0.472 -0.344 -1
0.536 0.365 0.196 1
0.529 -0.527 -0.279 -1
-0.515 -0.463 0.238 1
-0.685 0.620 -0.424 -1
0.685 0.203 0.139 1
0.635 -0.686 -0.436 -1
-0.472 -0.899 0.424 1
-0.737 0.301 -0.222 -1
0.390 0.510 0.199 1
0.231 -0.609 -0.141 -1
-0.280 -0.488 0.137 1
-0.589 0.489 -0.288 -1
0.676 0.429 0.290 1
0.652 -0.265 -0.173 -1
-0.774 -0.646 0.499 1
-0.446 0.886 -0.395 -1
0.538 0.767 0.413 1
0.388 -0.628 -0.244 -1
-0.857 -0.630 0.540 1
-0.568 0.634 -0.360 -1
0.346 0.254 0.088 1
0.695 -0.221 -0.154 -1
-0.540 -0.529 0.286 1
-0.363 0.527 -0.191 -1
0.493 0.529 0.261 1
0.646 -0.394 -0.255 -1
-0.331 -0.276 0.092 1
-0.740 0.260 -0.192 -1
0.394 0.330 0.130 1
0.691 -0.794 -0.548 -1
-0.617 -0.721 0.445 1
-0.881 0.419 -0.369 -1
0.440 0.216 0.095 1
0.506 -0.481 -0.243 -1
-0.816 -0.596 0.486 1
-0.500 0.290 -0.145 -1
0.471 0.292 0.137 1
0.249 -0.355 -0.088 -1
-0.648 -0.689 0.446 1
-0.374 0.582 -0.218 -1
0.795 0.625 0.497 1
0.404 -0.553 -0.223 -1
-0.395 -0.468 0.185 1
-0.552 0.530 -0.293 -1
0.624 0.416 0.260 1
0.299 -0.787 -0.235 -1
-0.757 -0.583 0.442 1
-0.486 0.515 -0.250 -1
0.784 0.598 0.468 1
0.420 -0.747 -0.314 -1
-0.345 -0.232 0.080 1
-0.557 0.206 -0.115 -1
0.472 0.528 0.249 1
0.217 -0.294 -0.064 -1
-0.454 -0.643 0.292 1
-0.140 0.481 -0.068 -1
0.778 0.241 0.187 1
0.444 -0.277 -0.123 -1
-0.590 -0.594 0.350 1
-0.885 0.390 -0.345 -1
0.438 0.669 0.293 1
0.610 -0.496 -0.303 -1
-0.357 -0.593 0.212 1
-0.528 0.658 -0.347 -1
0.820 0.685 0.562 1
0.483 -0.547 -0.264 -1
-0.627 -0.359 0.225 1
-0.406 0.410 -0.167 -1
0.755 0.245 0.185 1
0.561 -0.466 -0.262 -1
-0.190 -0.505 0.096 1
-0.679 0.435 -0.295 -1
0.511 0.630 0.322 1
0.203 -0.355 -0.072 -1
-0.220 -0.425 0.093 1
-0.538 0.559 -0.301 -1
0.541 0.557 0.301 1
0.302 -0.404 -0.122 -1
-0.251 -0.284 0.071 1
-0.592 0.461 -0.273 -1
0.487 0.452 0.220 1
0.497 -0.509 -0.253 -1
-0.340 -0.497 0.169 1
-0.584 0.400 -0.234 -1
0.376 0.460 0.173 1
0.137 -0.389 -0.053 -1
-0.245 -0.588 0.144 1
-0.485 0.281 -0.136 -1
0.432 0.427 0.184 1
0.783 -0.217 -0.170 -1
-0.509 -0.670 0.341 1
-0.504 0.720 -0.363 -1
0.517 0.301 0.156 1
0.594 -0.173 -0.103 -1
-0.800 -0.516 0.412 1
-0.355 0.751 -0.267 -1
0.850 0.694 0.590 1
0.271 -0.661 -0.179 -1
-0.321 -0.235 0.075 1
-0.523 0.566 -0.296 -1
0.650 0.206 0.134 1
0.431 -0.585 -0.252 -1
-0.879 -0.473 0.416 1
-0.561 0.363 -0.204 -1
0.375 0.536 0.201 1
0.410 -0.656 -0.269 -1
-0.820 -0.483 0.396 1
-0.535 0.535 -0.287 -1
0.611 0.642 0.392 1
0.660 -0.506 -0.334 -1
-0.505 -0.508 0.257 1
-0.759 0.778 -0.591 -1
0.394 0.646 0.255 1
0.450 -0.575 -0.258 -1
-0.346 -0.544 0.188 1
-0.508 0.471 -0.239 -1
0.130 0.494 0.064 1
0.456 -0.274 -0.125 -1
-0.590 -0.503 0.297 1
-0.313 0.681 -0.213 -1
0.552 0.547 0.302 1
0.778 -0.788 -0.613 -1
-0.519 -0.477 0.247 1
-0.592 0.631 -0.373 -1
0.620 0.410 0.254 1
0.591 -0.562 -0.332 -1
-0.465 -0.481 0.223 1
-0.466 0.427 -0.199 -1
0.190 0.500 0.095 1
0.579 -0.511 -0.296 -1
-0.216 -0.560 0.121 1
-0.451 0.575 -0.260 -1
0.516 0.629 0.324 1
0.439 -0.341 -0.150 -1
-0.272 -0.528 0.143 1
-0.453 0.588 -0.267 -1
0.650 0.503 0.327 1
0.623 -0.248 -0.155 -1
-0.575 -0.304 0.175 1
-0.514 0.485 -0.249 -1
0.251 0.474 0.119 1
0.659 -0.188 -0.124 -1
-0.655 -0.461 0.302 1
-0.556 0.236 -0.131 -1
0.431 0.402 0.173 1
0.582 -0.307 -0.179 -1
-0.699 -0.517 0.362 1
-0.478 0.321 -0.154 -1
0.466 0.521 0.243 1
0.556 -0.521 -0.290 -1
-0.669 -0.137 0.092 1
-0.820 0.420 -0.345 -1
0.561 0.374 0.210 1
0.221 -0.743 -0.164 -1
-0.127 -0.573 0.073 1
-0.343 0.681 -0.233 -1
0.377 0.414 0.156 1
0.710 -0.384 -0.272 -1
-0.353 -0.663 0.234 1
-0.456 0.459 -0.209 -1
0.660 0.705 0.465 1
0.323 -0.690 -0.223 -1
-0.337 -0.353 0.119 1
-0.696 0.575 -0.400 -1
0.376 0.806 0.303 1
0.364 -0.531 -0.193 -1
-0.353 -0.663 0.234 1
-0.524 0.482 -0.253 -1
0.671 0.304 0.204 1
0.570 -0.198 -0.113 -1
-0.507 -0.493 0.250 1
-0.447 0.225 -0.101 -1
0.443 0.406 0.180 1
0.778 -0.212 -0.165 -1
-0.673 -0.600 0.404 1
-0.337 0.248 -0.084 -1
0.512 0.670 0.343 1
0.713 -0.557 -0.397 -1
-0.498 -0.530 0.264 1
-0.541 0.544 -0.294 -1
0.484 0.649 0.314 1
0.372 -0.443 -0.165 -1
-0.548 -0.576 0.316 1
-0.543 0.555 -0.302 -1
0.138 0.354 0.049 1
0.785 -0.621 -0.488 -1
-0.238 -0.565 0.135 1
-0.591 0.204 -0.120 -1
0.742 0.710 0.526 1
0.710 -0.564 -0.401 -1
-0.312 -0.147 0.046 1
-0.573 0.664 -0.381 -1
0.516 0.525 0.271 1
0.531 -0.474 -0.252 -1
-0.529 -0.647 0.342 1
-0.229 0.248 -0.057 -1
0.478 0.479 0.229 1
0.534 -0.439 -0.234 -1
-0.848 -0.407 0.345 1
-0.519 0.523 -0.272 -1
0.324 0.537 0.174 1
0.435 -0.311 -0.135 -1
-0.465 -0.572 0.266 1
-0.870 0.487 -0.424 -1
0.360 0.742 0.267 1
0.586 -0.735 -0.430 -1
-0.635 -0.339 0.215 1
-0.496 0.491 -0.244 -1
0.300 0.775 0.233 1
0.450 -0.144 -0.065 -1
-0.485 -0.526 0.255 1
-0.553 0.454 -0.251 -1
0.691 0.705 0.487 1
0.334 -0.570 -0.191 -1
-0.514 -0.341 0.175 1
-0.755 0.588 -0.444 -1
0.367 0.187 0.069 1
0.193 -0.723 -0.139 -1
-0.336 -0.544 0.183 1
-0.169 0.386 -0.065 -1
0.656 0.464 0.304 1
0.392 -0.125 -0.049 -1
-0.460 -0.294 0.135 1
-0.380 0.292 -0.111 -1
0.568 0.645 0.366 1
0.640 -0.788 -0.504 -1
-0.606 -0.425 0.258 1
-0.390 0.498 -0.194 -1
0.614 0.734 0.450 1
0.820 -0.358 -0.293 -1
-0.509 -0.549 0.279 1
-0.510 0.499 -0.254 -1
0.640 0.864 0.553 1
0.827 -0.712 -0.589 -1
-0.535 -0.428 0.229 1
-0.743 0.342 -0.254 -1
0.418 0.285 0.119 1
0.549 -0.358 -0.197 -1
-0.456 -0.446 0.203 1
-0.674 0.617 -0.416 -1
0.371 0.406 0.150 1
0.579 -0.716 -0.414 -1
-0.373 -0.131 0.049 1
-0.809 0.685 -0.554 -1
0.531 0.323 0.171 1
0.754 -0.382 -0.288 -1
-0.292 -0.526 0.153 1
-0.439 0.659 -0.289 -1
0.505 0.481 0.243 1
0.190 -0.613 -0.116 -1
-0.134 -0.633 0.085 1
-0.446 0.297 -0.132 -1
0.762 0.565 0.431 1
0.634 -0.277 -0.176 -1
-0.198 -0.696 0.138 1
-0.563 0.353 -0.198 -1
0.490 0.461 0.226 1
0.609 -0.242 -0.148 -1
-0.227 -0.793 0.180 1
-0.330 0.771 -0.255 -1
0.489 0.569 0.278 1
0.185 -0.325 -0.060 -1
-0.280 -0.500 0.140 1
-0.558 0.483 -0.270 -1
0.618 0.338 0.209 1
0.320 -0.326 -0.104 -1
-0.521 -0.478 0.249 1
-0.500 0.160 -0.080 -1
0.533 0.262 0.140 1
0.637 -0.439 -0.280 -1
-0.405 -0.653 0.264 1
-0.493 0.481 -0.237 -1
0.708 0.716 0.507 1
0.610 -0.253 -0.154 -1
-0.385 -0.404 0.155 1
-0.810 0.516 -0.418 -1
0.506 0.850 0.430 1
0.651 -0.631 -0.411 -1
-0.540 -0.499 0.269 1
-0.166 0.435 -0.072 -1
0.107 0.576 0.062 1
0.401 -0.773 -0.310 -1
-0.222 -0.388 0.086 1
-0.448 0.471 -0.211 -1
0.648 0.648 0.421 1
0.467 -0.879 -0.410 -1
-0.588 -0.483 0.284 1
-0.293 0.464 -0.136 -1
0.456 0.567 0.259 1
0.451 -0.575 -0.260 -1
-0.493 -0.493 0.243 1
-0.601 0.582 -0.350 -1
0.810 0.516 0.418 1
0.581 -0.441 -0.256 -1
-0.743 -0.676 0.502 1
-0.536 0.375 -0.201 -1
0.454 0.434 0.197 1
0.472 -0.510 -0.240 -1
-0.483 -0.402 0.194 1
-0.781 0.570 -0.446 -1
0.705 0.295 0.208 1
0.237 -0.404 -0.096 -1
-0.644 -0.459 0.295 1
-0.528 0.658 -0.347 -1
0.520 0.535 0.278 1
0.816 -0.271 -0.221 -1
-0.306 -0.548 0.168 1
-0.472 0.528 -0.249 -1
0.744 0.444 0.330 1
0.441 -0.330 -0.146 -1
-0.488 -0.473 0.231 1
-0.424 0.337 -0.143 -1
0.730 0.496 0.362 1
0.475 -0.342 -0.162 -1
-0.534 -0.605 0.323 1
-0.783 0.626 -0.490 -1
0.315 0.785 0.247 1
0.469 -0.415 -0.195 -1
-0.840 -0.512 0.430 1
-0.469 0.384 -0.180 -1
0.453 0.463 0.210 1
0.685 -0.620 -0.424 -1
-0.623 -0.586 0.365 1
-0.430 0.557 -0.239 -1
0.355 0.284 0.101 1
0.689 -0.159 -0.109 -1
-0.462 -0.511 0.236 1
-0.437 0.176 -0.077 -1
0.654 0.544 0.356 1
0.620 -0.620 -0.385 -1
-0.527 -0.111 0.058 1
-0.435 0.354 -0.154 -1
0.366 0.699 0.256 1
0.269 -0.566 -0.152 -1
-0.368 -0.623 0.229 1
-0.520 0.478 -0.249 -1
0.705 0.396 0.279 1
0.475 -0.739 -0.351 -1
-0.483 -0.510 0.246 1
-0.450 0.786 -0.353 -1
0.508 0.340 0.173 1
0.339 -0.678 -0.230 -1
-0.498 -0.440 0.219 1
-0.595 0.359 -0.214 -1
0.385 0.535 0.206 1
0.695 -0.741 -0.515 -1
-0.665 -0.214 0.142 1
-0.778 0.388 -0.302 -1
0.556 0.639 0.355 1
0.493 -0.440 -0.217 -1
-0.442 -0.461 0.204 1
-0.121 0.480 -0.058 -1
0.780 0.515 0.401 1
0.417 -0.191 -0.080 -1
-0.890 -0.590 0.525 1
-0.246 0.446 -0.110 -1
0.650 0.495 0.322 1
0.577 -0.262 -0.151 -1
-0.484 -0.800 0.387 1
-0.557 0.175 -0.098 -1
0.365 0.464 0.169 1
0.786 -0.335 -0.263 -1
-0.403 -0.112 0.045 1
-0.500 0.490 -0.245 -1
0.248 0.337 0.084 1
0.669 -0.414 -0.277 -1
-0.431 -0.509 0.219 1
-0.368 0.312 -0.115 -1
0.659 0.397 0.261 1
0.377 -0.248 -0.094 -1
-0.227 -0.437 0.099 1
-0.583 0.444 -0.259 -1
0.432 0.355 0.153 1
0.514 -0.514 -0.264 -1
-0.712 -0.247 0.176 1
-0.425 0.315 -0.134 -1
0.503 0.460 0.232 1
0.608 -0.553 -0.336 -1
-0.251 -0.478 0.120 1
-0.451 0.153 -0.069 -1
0.576 0.593 0.341 1
0.565 -0.783 -0.442 -1
-0.555 -0.476 0.264 1
-0.279 0.745 -0.208 -1
0.652 0.549 0.358 1
0.757 -0.723 -0.547 -1
-0.499 -0.490 0.245 1
-0.378 0.270 -0.102 -1
0.590 0.544 0.321 1
0.583 -0.444 -0.259 -1
-0.561 -0.566 0.318 1
-0.777 0.539 -0.419 -1
0.316 0.398 0.126 1
0.714 -0.609 -0.435 -1
-0.568 -0.485 0.276 1
-0.505 0.491 -0.248 -1
0.525 0.517 0.271 1
0.467 -0.182 -0.085 -1
-0.624 -0.434 0.271 1
-0.883 0.574 -0.507 -1
0.507 0.481 0.244 1
0.640 -0.613 -0.392 -1
-0.867 -0.402 0.348 1
-0.320 0.777 -0.249 -1
0.299 0.439 0.131 1
0.687 -0.319 -0.219 -1
-0.384 -0.819 0.314 1
-0.400 0.455 -0.182 -1
0.502 0.460 0.231 1
0.491 -0.529 -0.259 -1
-0.356 -0.590 0.210 1
-0.415 0.341 -0.142 -1
0.400 0.584 0.234 1
0.783 -0.738 -0.578 -1
-0.512 -0.484 0.248 1
-0.593 0.848 -0.503 -1
0.525 0.261 0.137 1
0.477 -0.281 -0.134 -1
-0.340 -0.335 0.114 1
-0.825 0.443 -0.365 -1
0.496 0.280 0.139 1
0.320 -0.487 -0.156 -1
-0.382 -0.754 0.288 1
-0.549 0.550 -0.302 -1
0.395 0.366 0.145 1
0.501 -0.480 -0.241 -1
-0.533 -0.385 0.205 1
-0.391 0.489 -0.191 -1
0.616 0.787 0.485 1
0.340 -0.705 -0.240 -1
-0.566 -0.874 0.495 1
-0.389 0.358 -0.139 -1
0.306 0.150 0.046 1
0.627 -0.704 -0.441 -1
-0.581 -0.683 0.397 1
-0.636 0.382 -0.243 -1
0.886 0.604 0.535 1
0.530 -0.312 -0.165 -1
-0.565 -0.354 0.200 1
-0.575 0.148 -0.085 -1
0.368 0.712 0.262 1
0.561 -0.535 -0.300 -1
-0.331 -0.482 0.160 1
-0.342 0.606 -0.208 -1
0.525 0.383 0.201 1
0.472 -0.447 -0.211 -1
-0.534 -0.323 0.173 1
-0.380 0.171 -0.065 -1
0.590 0.498 0.294 1
0.557 -0.430 -0.239 -1
-0.589 -0.405 0.238 1
-0.606 0.444 -0.269 -1
0.501 0.510 0.256 1
0.707 -0.270 -0.191 -1
-0.511 -0.810 0.414 1
-0.608 0.680 -0.414 -1
0.371 0.665 0.247 1
0.561 -0.466 -0.262 -1
-0.223 -0.415 0.092 1
-0.702 0.647 -0.454 -1
0.732 0.749 0.548 1
0.330 -0.494 -0.163 -1
-0.520 -0.496 0.258 1
-0.382 0.732 -0.279 -1
0.503 0.540 0.271 1
0.679 -0.645 -0.438 -1
-0.624 -0.399 0.249 1
-0.533 0.262 -0.140 -1
0.679 0.484 0.329 1
0.134 -0.449 -0.060 -1
-0.486 -0.486 0.236 1
-0.587 0.568 -0.333 -1
0.658 0.475 0.313 1
0.602 -0.436 -0.263 -1
-0.281 -0.481 0.135 1
-0.494 0.508 -0.251 -1
0.552 0.651 0.360 1
0.535 -0.535 -0.287 -1
-0.480 -0.546 0.262 1
-0.450 0.856 -0.385 -1
0.361 0.519 0.188 1
0.482 -0.241 -0.116 -1
-0.383 -0.350 0.134 1
-0.805 0.446 -0.359 -1
0.760 0.605 0.459 1
0.632 -0.570 -0.361 -1
-0.802 -0.570 0.457 1
-0.401 0.804 -0.323 -1
0.505 0.450 0.227 1
0.447 -0.427 -0.191 -1
-0.719 -0.571 0.410 1
-0.538 0.666 -0.358 -1
0.487 0.320 0.156 1
0.675 -0.540 -0.365 -1
-0.390 -0.496 0.194 1
-0.229 0.330 -0.076 -1
0.486 0.515 0.250 1
0.518 -0.291 -0.151 -1
-0.627 -0.627 0.393 1
-0.508 0.441 -0.224 -1
0.484 0.453 0.219 1
0.621 -0.605 -0.376 -1
-0.342 -0.623 0.213 1
-0.301 0.479 -0.144 -1
0.500 0.650 0.325 1
0.237 -0.439 -0.104 -1
-0.496 -0.730 0.362 1
-0.536 0.293 -0.157 -1
0.580 0.497 0.288 1
0.556 -0.329 -0.183 -1
-0.496 -0.560 0.278 1
-0.500 0.650 -0.325 -1
0.470 0.788 0.370 1
0.329 -0.583 -0.192 -1
-0.570 -0.802 0.457 1
-0.484 0.810 -0.392 -1
0.820 0.580 0.476 1
0.413 -0.477 -0.197 -1
-0.760 -0.669 0.508 1
-0.243 0.806 -0.196 -1
0.488 0.170 0.083 1
0.821 -0.389 -0.320 -1
-0.585 -0.415 0.243 1
-0.323 0.568 -0.183 -1
0.616 0.181 0.111 1
0.470 -0.748 -0.351 -1
-0.476 -0.482 0.229 1
-0.676 0.257 -0.174 -1
0.369 0.175 0.065 1
0.791 -0.712 -0.563 -1
-0.644 -0.260 0.167 1
-0.500 0.780 -0.390 -1
0.595 0.602 0.359 1
0.517 -0.536 -0.277 -1
-0.565 -0.563 0.318 1
-0.509 0.495 -0.252 -1
0.872 0.579 0.505 1
0.527 -0.617 -0.325 -1
-0.556 -0.329 0.183 1
-0.113 0.548 -0.062 -1
0.411 0.513 0.211 1
0.808 -0.356 -0.288 -1
-0.502 -0.510 0.256 1
-0.772 0.705 -0.544 -1
0.206 0.443 0.091 1
0.694 -0.284 -0.197 -1
-0.197 -0.745 0.147 1
-0.768 0.345 -0.265 -1
0.614 0.745 0.457 1
0.484 -0.442 -0.214 -1
-0.381 -0.483 0.184 1
-0.467 0.522 -0.244 -1
0.550 0.499 0.275 1
0.729 -0.803 -0.585 -1
-0.551 -0.548 0.302 1
-0.738 0.471 -0.348 -1
0.320 0.286 0.091 1
0.340 -0.223 -0.076 -1
-0.405 -0.531 0.215 1
-0.350 0.420 -0.147 -1
0.473 0.191 0.090 1
0.695 -0.378 -0.263 -1
-0.556 -0.522 0.290 1
-0.456 0.857 -0.391 -1
0.751 0.645 0.484 1
0.456 -0.579 -0.264 -1
-0.663 -0.337 0.224 1
-0.560 0.464 -0.260 -1
0.641 0.331 0.213 1
0.545 -0.477 -0.260 -1
-0.608 -0.479 0.291 1
-0.244 0.364 -0.089 -1
0.673 0.333 0.224 1
0.626 -0.469 -0.293 -1
-0.847 -0.323 0.274 1
-0.485 0.780 -0.378 -1
0.746 0.763 0.569 1
0.512 -0.484 -0.248 -1
-0.466 -0.677 0.315 1
-0.520 0.211 -0.110 -1
0.660 0.489 0.322 1
0.576 -0.107 -0.062 -1
-0.466 -0.522 0.243 1
-0.790 0.365 -0.288 -1
0.617 0.883 0.544 1
0.743 -0.342 -0.254 -1
-0.477 -0.372 0.178 1
-0.463 0.582 -0.270 -1
0.484 0.512 0.248 1
0.701 -0.723 -0.507 -1
-0.284 -0.458 0.130 1
-0.493 0.640 -0.315 -1
0.213 0.701 0.149 1
0.295 -0.719 -0.213 -1
-0.496 -0.509 0.253 1
-0.299 0.695 -0.207 -1
0.401 0.227 0.091 1
0.267 -0.410 -0.109 -1
-0.524 -0.769 0.403 1
-0.409 0.235 -0.096 -1
0.539 0.613 0.331 1
0.333 -0.842 -0.281 -1
-0.435 -0.453 0.197 1
-0.361 0.370 -0.134 -1
0.472 0.510 0.241 1
0.532 -0.758 -0.403 -1
-0.402 -0.569 0.228 1
-0.319 0.642 -0.205 -1
0.632 0.546 0.345 1
0.423 -0.862 -0.365 -1
-0.518 -0.453 0.235 1
-0.520 0.500 -0.260 -1
0.510 0.497 0.254 1
0.701 -0.798 -0.560 -1
-0.253 -0.369 0.093 1
-0.489 0.483 -0.236 -1
0.222 0.788 0.175 1
0.375 -0.629 -0.236 -1
-0.461 -0.493 0.227 1
-0.519 0.523 -0.272 -1
0.147 0.312 0.046 1
0.704 -0.418 -0.294 -1
-0.190 -0.613 0.116 1
-0.517 0.749 -0.388 -1
0.331 0.479 0.159 1
0.596 -0.763 -0.455 -1
-0.582 -0.537 0.312 1
-0.761 0.400 -0.304 -1
0.473 0.373 0.176 1
0.213 -0.251 -0.053 -1
-0.457 -0.526 0.240 1
-0.578 0.455 -0.263 -1
0.732 0.562 0.411 1
0.541 -0.529 -0.286 -1
-0.480 -0.628 0.301 1
-0.440 0.505 -0.222 -1
0.540 0.530 0.286 1
0.551 -0.548 -0.302 -1
-0.583 -0.572 0.334 1
-0.522 0.191 -0.100 -1
0.625 0.283 0.177 1
0.453 -0.565 -0.256 -1
-0.754 -0.678 0.511 1
-0.469 0.474 -0.223 -1
0.450 0.503 0.226 1
0.535 -0.572 -0.306 -1
-0.506 -0.492 0.249 1
-0.686 0.667 -0.458 -1
0.593 0.785 0.465 1
0.658 -0.478 -0.315 -1
-0.162 -0.695 0.113 1
-0.417 0.788 -0.329 -1
0.292 0.428 0.125 1
0.370 -0.143 -0.053 -1
-0.288 -0.288 0.083 1
-0.495 0.470 -0.233 -1
0.470 0.498 0.234 1
0.786 -0.665 -0.523 -1
-0.428 -0.770 0.329 1
-0.665 0.727 -0.483 -1
0.170 0.512 0.087 1
0.274 -0.418 -0.115 -1
-0.240 -0.395 0.095 1
-0.378 0.730 -0.276 -1
0.588 0.680 0.399 1
0.251 -0.424 -0.107 -1
-0.362 -0.384 0.139 1
-0.260 0.260 -0.067 -1
0.586 0.623 0.365 1
0.415 -0.870 -0.361 -1
-0.751 -0.567 0.426 1
-0.439 0.385 -0.169 -1
0.422 0.563 0.238 1
0.369 -0.219 -0.081 -1
-0.776 -0.383 0.297 1
-0.232 0.655 -0.152 -1
0.447 0.427 0.191 1
0.733 -0.267 -0.196 -1
-0.121 -0.467 0.057 1
-0.453 0.610 -0.277 -1
0.411 0.580 0.238 1
0.575 -0.220 -0.126 -1
-0.514 -0.514 0.264 1
-0.516 0.679 -0.350 -1
0.603 0.659 0.398 1
0.625 -0.173 -0.108 -1
-0.627 -0.296 0.186 1
-0.482 0.453 -0.219 -1
0.432 0.228 0.099 1
0.556 -0.583 -0.324 -1
-0.486 -0.526 0.256 1
-0.216 0.560 -0.121 -1
0.799 0.420 0.336 1
0.670 -0.194 -0.130 -1
-0.607 -0.525 0.319 1
-0.445 0.350 -0.156 -1
0.248 0.697 0.173 1
0.397 -0.562 -0.223 -1
-0.505 -0.519 0.262 1
-0.390 0.490 -0.191 -1
0.540 0.828 0.447 1
0.420 -0.459 -0.193 -1
-0.824 -0.437 0.360 1
-0.542 0.304 -0.165 -1
0.610 0.451 0.275 1
0.253 -0.539 -0.136 -1
-0.380 -0.492 0.187 1
-0.483 0.820 -0.396 -1
0.505 0.519 0.262 1
0.128 -0.579 -0.074 -1
-0.553 -0.454 0.251 1
-0.792 0.630 -0.499 -1
0.470 0.504 0.237 1
0.607 -0.125 -0.076 -1
-0.534 -0.479 0.256 1
-0.492 0.590 -0.290 -1
0.399 0.649 0.259 1
0.493 -0.300 -0.148 -1
-0.472 -0.404 0.191 1
-0.460 0.686 -0.316 -1
0.669 0.818 0.547 1
0.518 -0.492 -0.255 -1
-0.426 -0.418 0.178 1
-0.414 0.474 -0.196 -1
0.156 0.661 0.103 1
0.719 -0.523 -0.376 -1
-0.397 -0.353 0.140 1
-0.202 0.701 -0.141 -1
0.467 0.427 0.200 1
0.526 -0.554 -0.292 -1
-0.408 -0.246 0.100 1
-0.608 0.519 -0.316 -1
0.658 0.176 0.116 1
0.757 -0.541 -0.409 -1
-0.612 -0.778 0.477 1
-0.360 0.493 -0.177 -1
0.225 0.252 0.057 1
0.160 -0.500 -0.080 -1
-0.816 -0.596 0.486 1
-0.530 0.501 -0.265 -1
0.595 0.574 0.341 1
0.416 -0.624 -0.260 -1
-0.519 -0.523 0.272 1
-0.471 0.404 -0.190 -1
0.455 0.479 0.218 1
0.480 -0.443 -0.213 -1
-0.531 -0.525 0.279 1
-0.529 0.540 -0.286 -1
0.140 0.487 0.068 1
0.387 -0.387 -0.150 -1
-0.533 -0.478 0.255 1
-0.785 0.645 -0.507 -1
0.665 0.727 0.483 1
0.592 -0.131 -0.078 -1
-0.483 -0.391 0.189 1
-0.296 0.449 -0.133 -1
0.273 0.711 0.194 1
0.455 -0.183 -0.083 -1
-0.688 -0.368 0.253 1
-0.238 0.645 -0.153 -1
0.117 0.426 0.050 1
0.480 -0.879 -0.422 -1
-0.424 -0.579 0.245 1
-0.310 0.490 -0.152 -1
0.480 0.412 0.198 1
0.397 -0.694 -0.275 -1
-0.484 -0.411 0.199 1
-0.484 0.512 -0.248 -1
0.467 0.182 0.085 1
0.520 -0.454 -0.236 -1
-0.155 -0.633 0.098 1
-0.668 0.527 -0.352 -1
0.314 0.365 0.115 1
0.788 -0.778 -0.613 -1
-0.422 -0.517 0.218 1
-0.408 0.689 -0.281 -1
0.527 0.383 0.202 1
0.634 -0.366 -0.232 -1
-0.204 -0.591 0.120 1
-0.485 0.513 -0.249 -1
0.379 0.281 0.107 1
0.545 -0.566 -0.308 -1
-0.245 -0.412 0.101 1
-0.568 0.573 -0.326 -1
0.529 0.575 0.304 1
0.703 -0.554 -0.390 -1
-0.332 -0.626 0.208 1
-0.413 0.568 -0.235 -1
0.738 0.529 0.391 1
0.330 -0.670 -0.221 -1
-0.253 -0.747 0.189 1
-0.600 0.502 -0.301 -1
0.530 0.495 0.262 1
0.631 -0.408 -0.258 -1
-0.645 -0.785 0.507 1
-0.473 0.191 -0.090 -1
0.459 0.163 0.075 1
0.231 -0.528 -0.122 -1
-0.102 -0.465 0.047 1
-0.437 0.530 -0.231 -1
0.484 0.512 0.248 1
0.675 -0.597 -0.403 -1
-0.648 -0.440 0.285 1
-0.847 0.677 -0.574 -1
0.520 0.211 0.110 1
0.541 -0.409 -0.221 -1
-0.508 -0.260 0.132 1
-0.322 0.389 -0.125 -1
0.474 0.485 0.230 1
0.420 -0.575 -0.241 -1
-0.827 -0.546 0.451 1
-0.627 0.473 -0.297 -1
0.520 0.729 0.379 1
0.468 -0.395 -0.185 -1
-0.418 -0.715 0.298 1
-0.680 0.812 -0.552 -1
0.178 0.574 0.102 1
0.436 -0.423 -0.184 -1
-0.279 -0.328 0.092 1
-0.860 0.500 -0.430 -1
0.714 0.764 0.546 1
0.586 -0.377 -0.221 -1
-0.459 -0.112 0.051 1
-0.514 0.770 -0.396 -1
0.270 0.492 0.133 1
0.171 -0.380 -0.065 -1
-0.727 -0.626 0.455 1
-0.230 0.689 -0.158 -1
0.417 0.861 0.359 1
0.533 -0.438 -0.233 -1
-0.421 -0.242 0.102 1
-0.475 0.468 -0.223 -1
0.490 0.350 0.172 1
0.606 -0.354 -0.215 -1
-0.615 -0.561 0.345 1
-0.641 0.754 -0.483 -1
0.331 0.438 0.145 1
0.190 -0.613 -0.116 -1
-0.569 -0.511 0.291 1
-0.604 0.578 -0.349 -1
0.498 0.490 0.244 1
0.587 -0.366 -0.215 -1
-0.593 -0.743 0.441 1
-0.586 0.276 -0.162 -1
0.457 0.526 0.240 1
0.758 -0.532 -0.403 -1
-0.141 -0.475 0.067 1
-0.430 0.239 -0.103 -1
0.531 0.525 0.279 1
0.281 -0.281 -0.079 -1
-0.295 -0.453 0.134 1
-0.610 0.115 -0.070 -1
0.339 0.156 0.053 1
0.776 -0.641 -0.497 -1
-0.605 -0.442 0.267 1
-0.582 0.462 -0.269 -1
0.729 0.172 0.126 1
0.330 -0.488 -0.161 -1
-0.243 -0.234 0.057 1
-0.458 0.421 -0.192 -1
0.488 0.160 0.078 1
0.598 -0.651 -0.389 -1
-0.435 -0.589 0.256 1
-0.492 0.506 -0.249 -1
0.500 0.390 0.195 1
0.152 -0.407 -0.062 -1
-0.287 -0.334 0.096 1
-0.395 0.251 -0.099 -1
0.487 0.462 0.225 1
0.273 -0.665 -0.182 -1
-0.330 -0.606 0.200 1
-0.856 0.682 -0.584 -1
0.541 0.387 0.210 1
0.616 -0.290 -0.179 -1
-0.436 -0.136 0.059 1
-0.689 0.520 -0.358 -1
0.227 0.236 0.053 1
0.295 -0.421 -0.124 -1
-0.531 -0.151 0.080 1
-0.501 0.420 -0.211 -1
0.173 0.288 0.050 1
0.192 -0.532 -0.102 -1
-0.404 -0.447 0.180 1
-0.484 0.321 -0.155 -1
0.400 0.761 0.304 1
0.479 -0.699 -0.335 -1
-0.325 -0.791 0.257 1
-0.409 0.458 -0.187 -1
0.312 0.241 0.075 1
0.856 -0.398 -0.341 -1
-0.421 -0.758 0.319 1
-0.702 0.190 -0.133 -1
0.290 0.364 0.106 1
0.453 -0.435 -0.197 -1
-0.593 -0.536 0.318 1
-0.299 0.319 -0.096 -1
0.366 0.459 0.168 1
0.478 -0.577 -0.276 -1
-0.494 -0.529 0.262 1
-0.402 0.569 -0.228 -1
0.645 0.461 0.297 1
0.551 -0.704 -0.388 -1
-0.604 -0.886 0.535 1
-0.686 0.540 -0.370 -1
0.214 0.450 0.096 1
0.481 -0.422 -0.203 -1
-0.632 -0.548 0.346 1
-0.660 0.766 -0.505 -1
0.496 0.570 0.283 1
0.415 -0.585 -0.243 -1
-0.323 -0.153 0.049 1
-0.121 0.473 -0.057 -1
0.384 0.710 0.272 1
0.623 -0.397 -0.247 -1
-0.183 -0.309 0.057 1
-0.515 0.558 -0.287 -1
0.645 0.797 0.514 1
0.694 -0.657 -0.456 -1
-0.509 -0.770 0.392 1
-0.488 0.840 -0.410 -1
0.665 0.147 0.097 1
0.339 -0.322 -0.109 -1
-0.390 -0.453 0.177 1
-0.306 0.233 -0.071 -1
0.334 0.462 0.154 1
0.456 -0.459 -0.209 -1
-0.700 -0.514 0.360 1
-0.817 0.455 -0.372 -1
0.400 0.498 0.199 1
0.329 -0.583 -0.192 -1
-0.451 -0.466 0.210 1
-0.540 0.494 -0.266 -1
0.618 0.246 0.152 1
0.647 -0.603 -0.391 -1
-0.709 -0.485 0.344 1
-0.650 0.617 -0.401 -1
0.519 0.506 0.263 1
0.845 -0.633 -0.535 -1
-0.276 -0.448 0.124 1
-0.306 0.657 -0.201 -1
0.248 0.337 0.084 1
0.710 -0.653 -0.464 -1
-0.140 -0.494 0.069 1
-0.536 0.593 -0.318 -1
0.287 0.443 0.127 1
0.723 -0.715 -0.517 -1
-0.635 -0.464 0.295 1
-0.675 0.209 -0.141 -1
0.393 0.619 0.243 1
0.696 -0.671 -0.467 -1
-0.512 -0.840 0.430 1
-0.345 0.757 -0.262 -1
0.509 0.504 0.257 1
0.480 -0.271 -0.130 -1
-0.695 -0.545 0.379 1
-0.519 0.588 -0.305 -1
0.670 0.497 0.333 1
0.197 -0.712 -0.140 -1
-0.800 -0.660 0.528 1
-0.521 0.669 -0.348 -1
0.842 0.389 0.327 1
0.493 -0.100 -0.049 -1
-0.360 -0.498 0.179 1
-0.298 0.353 -0.105 -1
0.449 0.134 0.060 1
0.311 -0.592 -0.184 -1
-0.660 -0.418 0.276 1
-0.451 0.535 -0.242 -1
0.493 0.519 0.256 1
0.508 -0.471 -0.239 -1
-0.463 -0.515 0.238 1
-0.358 0.282 -0.101 -1
0.203 0.355 0.072 1
0.127 -0.643 -0.081 -1
-0.404 -0.385 0.155 1
-0.426 0.822 -0.350 -1
0.251 0.787 0.197 1
0.635 -0.434 -0.276 -1
-0.410 -0.495 0.203 1
-0.318 0.751 -0.239 -1
0.649 0.482 0.313 1
0.709 -0.299 -0.212 -1
-0.543 -0.193 0.105 1
-0.491 0.750 -0.368 -1
0.576 0.525 0.302 1
0.390 -0.453 -0.177 -1
-0.276 -0.552 0.152 1
-0.493 0.519 -0.256 -1
0.594 0.290 0.172 1
0.670 -0.509 -0.341 -1
-0.421 -0.576 0.243 1
-0.404 0.205 -0.083 -1
0.361 0.515 0.186 1
0.554 -0.474 -0.262 -1
-0.852 -0.642 0.547 1
-0.517 0.830 -0.429 -1
0.197 0.346 0.068 1
0.627 -0.373 -0.234 -1
-0.341 -0.514 0.175 1
-0.557 0.540 -0.301 -1
0.526 0.799 0.420 1
0.677 -0.323 -0.219 -1
-0.573 -0.608 0.348 1
-0.506 0.481 -0.243 -1
0.523 0.577 0.302 1
0.623 -0.603 -0.375 -1
-0.304 -0.600 0.182 1
-0.677 0.704 -0.477 -1
0.528 0.489 0.258 1
0.853 -0.312 -0.266 -1
-0.860 -0.481 0.414 1
-0.708 0.620 -0.439 -1
0.517 0.301 0.156 1
0.667 -0.699 -0.466 -1
-0.568 -0.515 0.293 1
-0.517 0.490 -0.253 -1
0.205 0.375 0.077 1
0.472 -0.472 -0.223 -1
-0.891 -0.417 0.372 1
-0.635 0.673 -0.428 -1
0.569 0.147 0.083 1
0.645 -0.539 -0.347 -1
-0.803 -0.346 0.278 1
-0.516 0.488 -0.252 -1
0.571 0.676 0.386 1
0.388 -0.457 -0.177 -1
-0.504 -0.720 0.363 1
-0.110 0.493 -0.054 -1
0.395 0.532 0.210 1
0.369 -0.175 -0.065 -1
-0.294 -0.540 0.159 1
-0.491 0.505 -0.248 -1
0.492 0.730 0.359 1
0.496 -0.440 -0.218 -1
-0.658 -0.528 0.347 1
-0.447 0.427 -0.191 -1
0.758 0.468 0.355 1
0.736 -0.369 -0.272 -1
-0.521 -0.556 0.290 1
-0.624 0.566 -0.353 -1
0.484 0.512 0.248 1
0.869 -0.474 -0.412 -1
-0.445 -0.457 0.203 1
-0.596 0.698 -0.416 -1
0.695 0.455 0.316 1
0.691 -0.442 -0.305 -1
-0.350 -0.794 0.278 1
-0.703 0.414 -0.291 -1
0.506 0.560 0.283 1
0.339 -0.601 -0.204 -1
-0.446 -0.734 0.327 1
-0.507 0.690 -0.350 -1
0.385 0.420 0.162 1
0.524 -0.668 -0.350 -1
-0.357 -0.593 0.212 1
-0.200 0.490 -0.098 -1
0.441 0.670 0.296 1
0.141 -0.590 -0.083 -1
-0.497 -0.300 0.149 1
-0.604 0.608 -0.367 -1
0.623 0.237 0.148 1
0.548 -0.515 -0.282 -1
-0.254 -0.763 0.194 1
-0.801 0.634 -0.508 -1
0.301 0.476 0.143 1
0.779 -0.580 -0.452 -1
-0.794 -0.350 0.278 1
-0.236 0.444 -0.105 -1
0.610 0.504 0.307 1
0.660 -0.503 -0.332 -1
-0.410 -0.224 0.092 1
-0.224 0.549 -0.123 -1
0.807 0.723 0.584 1
0.473 -0.575 -0.272 -1
-0.660 -0.766 0.505 1
-0.527 0.111 -0.058 -1
0.519 0.140 0.073 1
0.374 -0.534 -0.200 -1
-0.418 -0.274 0.115 1
-0.510 0.700 -0.357 -1
0.472 0.231 0.109 1
0.560 -0.497 -0.278 -1
-0.504 -0.491 0.247 1
-0.600 0.638 -0.382 -1
0.600 0.491 0.295 1
0.523 -0.555 -0.291 -1
-0.238 -0.684 0.163 1
-0.584 0.612 -0.357 -1
0.431 0.740 0.319 1
0.464 -0.482 -0.224 -1
-0.291 -0.478 0.139 1
-0.374 0.561 -0.210 -1
0.630 0.505 0.318 1
0.784 -0.560 -0.439 -1
-0.665 -0.727 0.483 1
-0.508 0.471 -0.239 -1
0.136 0.436 0.059 1
0.520 -0.454 -0.236 -1
-0.483 -0.442 0.214 1
-0.212 0.417 -0.088 -1
0.526 0.688 0.362 1
0.818 -0.539 -0.441 -1
-0.613 -0.461 0.283 1
-0.507 0.493 -0.250 -1
0.865 0.605 0.523 1
0.565 -0.238 -0.135 -1
-0.419 -0.736 0.308 1
-0.456 0.523 -0.239 -1
0.544 0.705 0.384 1
0.669 -0.414 -0.277 -1
-0.406 -0.534 0.217 1
-0.760 0.574 -0.436 -1
0.485 0.331 0.160 1
0.458 -0.444 -0.203 -1
-0.330 -0.494 0.163 1
-0.591 0.817 -0.483 -1
